1,3,4,7,8,119,120,121,122,123,124,125,126,135,136,137,138,139,140,141,142,151,152,153,154,155,156,157,158,167,168,169,170,171,172,173,174,281,282,283,284,285,286,287,288,289,290,291,292,293,294
2
3
4
5
6
7
8
9,21,22,25,26,51,52,53,54,55,56,57,58,79,80,81,82,83,84,85,86,87,88,89,90,91,92,93,94,95,96,97,98,99,100,101,102,103,104,105,106,107,108,109,110,183,184,185,186,187,188,189,190,199,200,201,202,203,204,205,206,245,246,247,252,253,254
10,11,12,13,14,15,16,17,18,59,60,61,62,63,64,65,66,71,72,73,74,75,76,77,78,211,212,213,218,219,220,222,223,225,226,261,263,264,266
11,27,28,29,30,35,37,39,41,43,45,47,49,224
12,221
13
14
15
16
17,31,32,33,34,36,38,40,42,44,46,48,50,214,216
18,207,209
19
20
21
22,208,210
23,215,217
24
25,265
26,262
27
28
29
30
31
32,10,19,20,23,24,115,116,117,118,128,130,132,134,143,144,145,146,147,148,149,150,159,160,161,162,163,164,165,166,175,176,177,178,191,193,195,197,231,232,233,238,239,240,255,256,258,260
33,68,179,180,181,182,192,194,196,198,234,236,259
34
35
36
37,227,229
38
39
40
41,323,324,325,326
42,311,312,313,314,315,316,317,318,319,320,321,322
43,67
44,228,230
45
46
47
48,307,308,309,310
49,295,296,297,298,299,300,301,302,303,304,305,306
50,235,237
51
52
53
54,1,2,5,6,9,257,267,271,272,273,274,278,279,280
55,111,112,113,114,127,129,131,133
56
57,275,276,277
58,268,269,270
59
60
61
62
63
64
65
66
67
68
69
70
71
72
73
74
75
76,70,248,250
77,355,356,357,358
78,343,344,345,346,347,348,349,350,351,352,353,354
79,241,243
80
81
82
83,69
84,242,244
85
86
87
88,339,340,341,342
89,327,328,329,330,331,332,333,334,335,336,337,338
90,249,251
91
92
93
94