1,59,60,61,62,68,71,73,75,77,95,97,99,101,103,104,105,106,143,144,145,146,159,161,163,165,175,177,179,181,191,192,193,194,227,229
2,67,311,312,313,314,315,316,317,318,319,320,321,322,323,324,325,326
3,19,23,228,230,231,232,233
4
5
6
7,63,64,65,66,72,74,76,78,96,98,100,102,107,108,109,110,147,148,149,150,160,162,164,166,176,178,180,182,195,196,197,198,234,236
8
9
10
11,111,112,113,114,115,116,117,118,127,128,129,130,131,132,133,134,268,269,275,276
12,255,256,258,259
13
14
15,9,257
16,10,260
17,267,270,274,277
18
19
20,1,5,271,272,273
21,2,6,278,279,280
22
23
24
25,295,296,297,298,299,300,301,302,303,304,305,306,307,308,309,310
26,20,24,235,237,238,239,240
27
28
29,51,52,53,54,69,79,81,83,85,87,89,91,93,151,152,153,154,155,156,157,158,167,168,169,170,171,172,173,174,183,184,185,186,187,188,189,190,199,200,201,202,203,204,205,206,241,243,248,250
30
31
32
33,119,120,121,122,123,124,125,126,135,136,137,138,139,140,141,142,282,283,289,290
34,261,262,264,265
35
36
37,11,263
38,12,266
39,281,284,288,291
40
41
42,3,7,285,286,287
43,4,8,292,293,294
44
45
46
47,343,344,345,346,347,348,349,350,351,352,353,354,355,356,357,358
48,21,25,242,244,245,246,247
49
50
51,55,56,57,58,80,82,84,86,88,90,92,94
52,27,28,29,30,31,32,33,34,35,36,37,38,39,40,41,42,43,44,45,46,47,48,49,50
53,207,209,214,216
54
55
56,13,15,208,210,211,212,213
57,14,16,215,217,218,219,220
58,221,222,224,225
59
60
61,17,223
62,18,226
63,70,327,328,329,330,331,332,333,334,335,336,337,338,339,340,341,342
64,22,26,249,251,252,253,254
65
66
67
68
69
70
71
72
73